4374873
12272471
12275208
12275496
12278810
12280482
12280637
12280640
12281290
12282537
12284458
12285460
12285462
12285488
12288070
12291637
12292025
12292469
12292508
12293666
12293670
12294127
12294261
12296836
12298599
12299048
12300010
12304032
12304141
12304147
12304155
12304566
12304582
12305577
12307573
12308575
12308786
12311682
12312375
12316453
20006064
20007207
20007209
20007210
20007617
21083891
21084586
21085923
26951470
27372548
27420798
27420799
27420800
27420801
27420802
27420803
27432211
27490449
27904429
27904430
27904432
28221473
28221480
33774130
33774131
33774214
33774215
33800796
33800797
34080817
38219865
38219866
39093440
39094202
43960901
43960905
43960906
44393518
44393520
44393521
44393522
44393523
44393524
44393526
44393527
44393528
44393529
44393530
46613942
46613943
46613944
46613945
46613950
46613951
46613952
46613957
46613961
46613962
46613963
46613964
46613999
46614001
46614137
46614138
48060891
48060923
48658996
49624546
49629314
49630259
68187679
68187680
71493580
80318469
80318470
83230063
83672320
83672321
83672325
83672326
85621172
85621184
85621189
85688189
85688300
85688301
85688307
85688308
85688310
85688312
85688316
86576845
86576847
86576849
86576850
86576854
86576855
86576856
86576857
86576858
86576859
86576862
86576863
86576866
86576867
86576881
86576882
86576885
86576888
86576889
86576891
86576893
86576894
86576895
86576896
86576897
86576898
86576904
86576906
86576907
86775190
87211834
87211858
87316348
87316371
87316373
87316386
87573775
87643516
87643540
87645848
87645850
87645851
87645852
87645860
87645862
87789115
88731481
89946121
90488047
90488072
90488110
91365842
91365845
91365847
91365848
91966750
91966777
91966804
91966827
93821073
95186193
95186218
95458341
95458347
95705994
95705997
97130172
97130174
97825350
97825351
97825354
97825357
97825359
97826772
97826773
99072339
103737793
103737808
105425715
105425776
105787724
105787725
105787727
105787728
105787730
105787731
105787733
105787738
105811779
105911553
105911561
105911577
106973371
106973376
107101086
107107530
108971273
109625456
110998110
113513082
113651126
113651128
113651130
113651132
113651135
117016520
117016523
117016528
117016529
119218807
123416120
123416121
123416125
123416131
123416135
123416136
123464952
123464953
123899523
124370031
132015983
132015985
132016003
132016012
139193617
139260130
139260133
139437767
139456764
139456765
139456786
139456818
139456822
139631887
139631888
139632136
139644907
150644122
154857245
156962305
158966501
158966502
161931379
178088581
180513253
180513254
180891251
231162005
231285264
231290326
236835413
240534094
240534095
240534097
240534098
257781227
258019091
276625903
276625905
276625906
276625907
276625908
276625909
278320229
278320235
278320236
278320238
278320240
278320242
278320243
278320246
278320247
278320249
278321330
321078610
321078611
321078620
321078621
347962249
359424152
368396996
368396998
368794071
368794075
368794114
378054895
419497748
440003893
480218559
480218560
480220477
480220478
480223981
480355681
480401512
480415212
480415213
480415215
480415216
512669906
592392418
609462570
609462572
641932977
641937458
643496645
643496647
647242450
654361141
654361142
655124665
655145669
655145670
655145671
655145672
665663815
668988421
668988424
670354683
670977602
670977603
670977605
670977606
670977607
671005415
671005417
671005421
671005422
671005423
671005424
671005427
671005429
671005464
671005465
671005466
671005487
671005488
671005490
671005493
671005498
671005500
671005501
671005502
671005503
671005504
671005505
672030004
672030005
672030006
672030007
672030008
672030009
672030010
672030013
672127433
672127435
672127436
672127437
672127438
672127439
672127440
672127441
672127442
672127443
672127444
672127445
672127448
672127449
672127450
672127451
672127452
672127453
672127454
672127455
672127456
672127457
672127462
672127463
672127464
672127465
672127466
672127469
672127471
672127473
672127476
672127477
672127478
672127479
672127480
672127481
672127482
672127483
672127484
672127493
672127494
672127495
672127496
672127506
672181259
672181260
672181261
672181277
672181280
672181282
672181283
672181284
672181285
672181286
672181288
672181289
672181290
672181293
672181299
672424045
672424047
711370581
711370582
711553279
716689913
717059915
742105558
742156397
742156398
742156400
742156401
742156402
742156412
742156428
742156429
742169020
742169021
742176659
742176661
742190830
742190832
742190834
742401345
742486477
742856252
744635155
744635156
745219592
745219593
746533657
746533658
746604624
746684753
746684754
747507846
754240838
758955768
761451373
761451374
763299461
763299462
767466281
768038131
769249520
769249521
769249522
780093409
780093410
796937278
803243107
803243108
805421298
805421299
833622263
880298215
880298216
