4350444
4350451
4374873
4374883
4374894
4374895
5715172
5715384
5715438
5715918
5715947
5716002
5716160
5716271
5716420
5716816
5716849
5716856
5716989
5717206
5717421
5717598
5717701
5717769
5717809
5717983
5718005
5718264
5718268
5718346
5718355
5718507
5718606
5718639
5718759
5718765
5718903
5718972
5719141
5719142
5719162
5719190
5719313
5719371
5719372
5719494
5719531
5719644
5719657
8845290
8845489
9277724
12271510
12271513
12272471
12273712
12275208
12275326
12275496
12277493
12278457
12278466
12278810
12279373
12279770
12280187
12280482
12280542
12280608
12280637
12280640
12281290
12281457
12281461
12281467
12281636
12281712
12281779
12281782
12281936
12282341
12282537
12282712
12282957
12283486
12284218
12284229
12284395
12284398
12284431
12284458
12284472
12285127
12285460
12285462
12285488
12285668
12286414
12287171
12287176
12287259
12287287
12287389
12287524
12287683
12287705
12288070
12288337
12288703
12288792
12288912
12289181
12289335
12289641
12289648
12289654
12289657
12290210
12290667
12290786
12291598
12291637
12291814
12292025
12292167
12292171
12292321
12292469
12292508
12292650
12292949
12292970
12293044
12293151
12293295
12293395
12293398
12293666
12293670
12293824
12293891
12294026
12294127
12294226
12294261
12294276
12294307
12294494
12294779
12294921
12295805
12296201
12296489
12296683
12296803
12296805
12296836
12296879
12296924
12297670
12297840
12297878
12297885
12297903
12297909
12298061
12298189
12298335
12298599
12298604
12298646
12298874
12298880
12298884
12298907
12298909
12299029
12299048
12299086
12299400
12299408
12299749
12299783
12299895
12300010
12300646
12300733
12301594
12301595
12301611
12301654
12301661
12301720
12302370
12302542
12302956
12303009
12303118
12303240
12303547
12303690
12303712
12303729
12303982
12304024
12304032
12304033
12304141
12304147
12304155
12304178
12304306
12304451
12304463
12304497
12304507
12304566
12304582
12305571
12305577
12305589
12305631
12305643
12305646
12307183
12307190
12307332
12307573
12307686
12307990
12308083
12308130
12308568
12308575
12308786
12309009
12309202
12310283
12310317
12310323
12310648
12311252
12311461
12311682
12311713
12312375
12312660
12312665
12312825
12312915
12313029
12313041
12313099
12313149
12314741
12314754
12315367
12315403
12315588
12315748
12315982
12316163
12316166
12316453
12316625
12318261
12318408
12318846
12318850
12319360
12319402
12320360
12320592
12320711
12320724
12320725
12679662
12679667
12679681
12808197
12808212
13484498
13490103
14316103
14317711
14371159
14371740
15128971
15128974
16207515
16207516
16207517
17041570
17041572
17041977
17041979
17041980
17041981
17373185
17373187
17373189
17373192
17373195
17373206
17373208
17373210
18768102
20006064
20007207
20007209
20007210
20007617
21083891
21083900
21084586
21085923
21087543
21087566
21088657
23640342
23640401
23640445
23640849
23640960
23641126
23641431
23642060
23643293
23643299
23643862
23661565
23679535
23690098
23690146
23690150
23690151
23690196
23690222
23690278
23702055
23716796
23724043
24043076
24043092
24049373
24137110
24157593
24163970
24368047
24369179
24369433
24384271
24547520
24547521
24547679
24547680
24553602
24553608
24553609
24553968
24553969
24553970
24563638
24679478
24679480
24679859
24679860
24679861
24679862
24680430
24680432
24680433
24680434
24930053
24930058
24930062
24930066
24930106
24930118
24930121
24930122
24930331
24930334
24930345
24930348
25102794
25102807
25654912
25654936
25655425
25655426
25740560
25740564
25740567
25740576
25740578
25740623
25740682
25740713
25740831
25740832
25832335
25832336
25832378
25832379
25832405
25832408
25832420
25832422
25832430
25832434
25832448
25832450
25832699
25832701
25832717
25832719
25832738
25832740
25832749
25832750
25832846
25832848
25832871
25832873
25832889
25832890
25832896
25832898
25832908
25832910
25832923
25832925
25837366
25837552
25837740
25837742
26101222
26101893
26101899
26102570
26193879
26201379
26201380
26410936
26410938
26410939
26410940
26528020
26528023
26528112
26528183
26538107
26538108
26538111
26556029
26586703
26586759
26586761
26617742
26768885
26769087
26769089
26769099
26769397
26769406
26769412
26769415
26769444
26769456
26769538
26769540
26769577
26769579
26951227
26951251
26951253
26951470
26951477
26951486
26951516
26973085
26973087
27165805
27372548
27372564
27372565
27420798
27420799
27420800
27420801
27420802
27420803
27432211
27490449
27625766
27625767
27625768
27625769
27627315
27668630
27749096
27749097
27749098
27749099
27759717
27767178
27837482
27837509
27874474
27904429
27904430
27904432
28142393
28142395
28221473
28221480
28246394
28246395
28256683
28256721
28256724
28256726
28256729
28256736
28256737
28517525
31304736
31645473
31645476
31645477
31674621
31676956
31676958
31677227
31677232
31677828
31677833
31677838
31677845
31678645
31678649
31678822
31678825
31678993
31678998
31679706
32013365
32013366
32013374
32049112
32049317
32049322
32049419
32338393
32338395
32338428
32338469
32338530
32338531
32338533
32338534
32338631
32338640
32338642
32338811
32338822
32338833
32338834
32338840
32510947
32510948
32510949
32510950
32684783
32684785
32691559
32814264
32814319
32925591
32925691
32925698
33179243
33179291
33179313
33774130
33774131
33774214
33774215
33800796
33800797
33800838
33800851
33810886
34080817
34080881
34569433
34569645
34569648
34569649
34569651
34880623
34880633
35097708
35097709
35209497
35209515
35209605
35210437
35375678
35375679
35377726
35377727
35377781
35880941
35955068
35955070
35955074
36968567
36969096
38219865
38219866
38222049
38222052
38222057
38222058
38222060
38222061
38222063
38222078
38226413
38226414
38226421
38226422
38580403
38580404
39093440
39094202
39612361
40330074
40332812
41832107
41832695
41833510
43960901
43960905
43960906
44007618
44007620
44007621
44007622
44007623
44007624
44007625
44007627
44007630
44007631
44007632
44007633
44007635
44007636
44007637
44007638
44007644
44007645
44007646
44007651
44007652
44007653
44007654
44386384
44386390
44386391
44386392
44386393
44393502
44393503
44393504
44393505
44393518
44393520
44393521
44393522
44393523
44393524
44393526
44393527
44393528
44393529
44393530
44410364
44410366
44410368
44410369
44410370
44410371
44410374
44410376
44987933
46421468
46421470
46421471
46421737
46528799
46528804
46528809
46528813
46529059
46529062
46529069
46529072
46529980
46529983
46529986
46529989
46532659
46532662
46532666
46555303
46594978
46594979
46595002
46595003
46595052
46595053
46595075
46595076
46595162
46595163
46595164
46595165
46595167
46595168
46595169
46595170
46595171
46595174
46595175
46595176
46595178
46595179
46595180
46595183
46595184
46613942
46613943
46613944
46613945
46613950
46613951
46613952
46613957
46613961
46613962
46613963
46613964
46613999
46614001
46614137
46614138
46614535
46614542
46614548
46614549
46614550
46614551
46615850
46615851
46615852
46615853
46615854
46615855
46615856
46615857
46615858
46615859
46615860
46615861
46616110
46616112
46616115
46616116
46616117
46616118
46616124
48060891
48060923
48068980
48082198
48082199
48082200
48082202
48400801
48658996
48690341
48707646
48707656
48874006
48946895
48947008
48947430
48964981
48964995
48986081
49024496
49024600
49024601
49024602
49024604
49168611
49239070
49263017
49263880
49276010
49276152
49277159
49277325
49289292
49289296
49289699
49292595
49292623
49296205
49298061
49355001
49356436
49551276
49551697
49551713
49552539
49607400
49612587
49612719
49612720
49615683
49615684
49617794
49618030
49621708
49624546
49629314
49629732
49630259
49808373
49808374
49808379
49808380
49808568
49808569
49808572
49808575
49808634
49808635
49863152
49864842
49865410
49866986
49867001
49867024
49867025
49867145
49867154
49923413
49923422
49923428
49923429
50275513
50275515
50275518
50275797
50275820
50276102
50402910
50402911
50557052
50558143
50592295
50592298
50592299
50592302
50749575
50750029
50750036
50750421
50761252
50761253
51048151
51217925
51217926
51217952
51217961
51217968
51251686
51251687
51251688
51251689
51251690
51251692
51274112
51281554
51757907
51757931
52050027
52050035
52050036
52050037
52323473
52323474
52323477
52323478
52323698
53021915
53021936
53021937
53021938
53192313
53192322
53192327
53192328
53192331
53257978
59013357
59470365
60219159
65004471
65015538
67287348
67508650
67904613
67904614
67904615
67904616
68167193
68187679
68187680
68187681
68286514
71493580
73783029
73783035
73783052
76792834
76792839
76792846
76792875
76792877
76792879
76792885
76792889
76792890
76792891
77305836
77305845
77305860
77457615
77457621
77457630
77457638
77457639
79635136
80318469
80318470
81519633
81519759
81519761
82244832
82249054
82249359
82485885
82485886
82507211
82507212
82507213
82507214
82508622
83230063
83672155
83672156
83672320
83672321
83672325
83672326
84232950
84232959
84232966
84232970
84232980
84232992
84233007
84346110
84346113
84815458
84815470
84815479
84921181
84921191
84921212
84921219
84921295
84921567
84949820
84949825
84950004
84963863
84963876
85087660
85087667
85087671
85135647
85135663
85441393
85441415
85535186
85535187
85535192
85535193
85611101
85611108
85612050
85621172
85621184
85621189
85631698
85631699
85688189
85688300
85688301
85688307
85688308
85688310
85688312
85688316
86360716
86360723
86360724
86411780
86411783
86411784
86411785
86411786
86411790
86411791
86411792
86411793
86411794
86576845
86576847
86576849
86576850
86576854
86576855
86576856
86576857
86576858
86576859
86576862
86576863
86576866
86576867
86576881
86576882
86576885
86576888
86576889
86576891
86576893
86576894
86576895
86576896
86576897
86576898
86576904
86576906
86576907
86576908
86576909
86576910
86576911
86576914
86576915
86576919
86576920
86576921
86576925
86576927
86576928
86576929
86758807
86758818
86758822
86758852
86758888
86758918
86758945
86758955
86758957
86775178
86775189
86775190
86806065
86806066
86806084
87211834
87211858
87316348
87316371
87316373
87316386
87328564
87490645
87490649
87490653
87573775
87643516
87643540
87645844
87645845
87645846
87645847
87645848
87645850
87645851
87645852
87645853
87645855
87645856
87645857
87645859
87645860
87645862
87645865
87789115
88614627
88614638
88731481
89514576
89514579
89514584
89514585
89946091
89946101
89946113
89946121
90282433
90282448
90488047
90488072
90488110
90517873
90756207
90896414
91301334
91365842
91365845
91365847
91365848
91966750
91966777
91966804
91966827
92342328
92342378
92785440
92785450
92785458
92791336
92791339
92791345
92791346
92791348
92921293
93405445
93788257
93788272
93788308
93788323
93788325
93788349
93788359
93821073
93964101
93964110
94668641
94668648
94668656
95066858
95066879
95186172
95186193
95186194
95186198
95186199
95186203
95186204
95186209
95186218
95186230
95186233
95186235
95281572
95429985
95429989
95429995
95429996
95429998
95430002
95430014
95458341
95458347
95600178
95600181
95600182
95705994
95705997
95749823
95749826
95895509
95895512
95895515
96299459
96299467
96299470
96510214
96510221
96510238
96645519
96659284
96659285
96659298
96659301
96662800
96662803
96699562
96866826
96991407
97047592
97130172
97130174
97171637
97171647
97721770
97800738
97811052
97811054
97811059
97811068
97811070
97811086
97811087
97811091
97821335
97821336
97821338
97821339
97821346
97821348
97821358
97822610
97822612
97822613
97825343
97825346
97825350
97825351
97825354
97825357
97825358
97825359
97826772
97826773
97827514
97829299
97829300
97829303
97829305
97829307
97858767
99072339
100330432
100330441
100330474
100330486
100558328
100558334
101011450
101011474
101011496
101011508
101453786
101453796
101453807
101453830
103686229
103705066
103705075
103705084
103705093
103705105
103705115
103705118
103737793
103737808
103892944
103892945
103892953
103892956
105425715
105425776
105645096
105778652
105778698
105787724
105787725
105787727
105787728
105787730
105787731
105787733
105787738
105811779
105911553
105911561
105911577
106846175
106973371
106973376
107101086
107107530
107119820
107119823
107119827
107119829
107119832
107119838
107119843
107253999
108971273
109625456
110998102
110998105
110998106
110998107
110998110
111646270
111646272
111646275
111646278
111874343
111874347
111874352
111878020
112381213
112381224
112381238
112381241
112411974
112411979
112411986
112412942
112412944
112503431
113345186
113513082
113651126
113651128
113651130
113651132
113651135
113757222
113757223
113757224
113757226
113757231
114200971
114207940
114215525
115661044
115661046
115661047
115661049
115661056
115684886
115684887
115684888
115684889
115684890
115684891
115684894
115684895
116862575
117016520
117016523
117016525
117016526
117016528
117016529
117389719
117389726
118097905
118097908
118097918
118097919
118097927
118489963
118489964
118489967
118714368
118714376
118727156
118727353
118727364
119218767
119218770
119218774
119218781
119218789
119218795
119218797
119218800
119218804
119218807
119578018
119578109
120594368
120594415
120876461
120876462
120876464
120876468
120876469
120876471
121038814
121646774
121646775
121646776
121646777
121646779
121646780
121646804
121646805
121646806
121646807
121646808
121646809
121646810
121646816
121646817
121646818
121646819
122747099
122747100
123416120
123416121
123416125
123416131
123416135
123416136
123464950
123464952
123464953
123464957
123623606
123623607
123623609
123623610
123623612
123623613
123623616
123623617
123623622
123643605
123643606
123643611
123899523
124370027
124370030
124370031
124370035
127700879
127700882
127700883
127700884
127700890
131359785
132015983
132015985
132016003
132016012
134983363
134983364
137280963
137735696
138100326
138100349
138364793
138364797
138364799
139193617
139199298
139199346
139199353
139199358
139199362
139260130
139260133
139437767
139437804
139437842
139437843
139437932
139437937
139456764
139456765
139456786
139456795
139456802
139456818
139456822
139470095
139470099
139470102
139470103
139470113
139470114
139470117
139470130
139470173
139470177
139470191
139470198
139470226
139486948
139631875
139631883
139631887
139631888
139631896
139632136
139644852
139644854
139644874
139644879
139644907
139644911
139644920
139644937
139644973
139645009
139645023
139645029
139645043
146432008
148139085
150153784
150644122
150816667
151483077
154857245
156962305
158757705
158966501
158966502
159114602
161931379
163118906
166087707
166089330
166089334
166089591
166089593
166089594
166089595
166140833
167514681
167514684
167514687
167514688
167515987
171444513
171444518
171444520
171444528
171444534
171444540
171444541
171444547
171444551
171444554
171444558
171444563
171444569
175475492
175522098
175532368
175532392
176068123
176068124
176070218
176070219
176070221
176070222
178088581
178198813
178218631
178218633
178313374
178313375
178545636
178545638
178545648
178545786
178546718
178546721
178549139
178549140
178551365
178872179
179049046
180513253
180513254
180891251
183370990
183370993
183371044
183371047
191907746
194225983
194225984
196008426
197732499
197876457
197877672
197881392
198548139
198548455
198548456
201168693
231162005
231162009
231285264
231290315
231290316
231290319
231290320
231290322
231290325
231290326
231290329
232596127
232708062
232708063
232708064
236835413
240534094
240534095
240534097
240534098
240822089
246674326
256021557
257664023
257781227
257824628
257824631
257928996
257941929
258019091
258031291
258031292
258031294
258080589
258080594
258080595
258084711
258084712
258084713
258121385
258121386
258121387
258121388
258121389
258121390
258124671
258140897
258140900
258140901
258140902
258141699
258141700
258142252
258419627
258419628
258419631
258419632
258494817
258558939
258581970
258581981
259913900
259913901
260108303
260108304
260108305
260760656
260760657
262087165
273113727
273113728
273113729
273113741
273113742
273113748
273113750
273113752
273113753
273113756
273113757
273113758
275390771
276412674
276412675
276604503
276604506
276604508
276625896
276625897
276625898
276625901
276625902
276625903
276625905
276625906
276625907
276625908
276625909
276625910
276625911
277113676
277113682
277113703
277113709
277117180
277257194
277257195
277257196
277257197
278320229
278320235
278320236
278320238
278320240
278320242
278320243
278320246
278320247
278320249
278321330
278983988
278983991
278983992
278983994
278983995
278983996
278983998
280277788
280289114
280534530
280534533
280534535
280538021
280538022
281739443
286652820
288290660
296974407
311289962
311289967
311360645
311360648
311478339
311570373
311570375
311570377
311570378
311570379
311570381
311570382
311570383
311570385
311570386
311582253
311595802
311595816
311611635
311611650
311611655
311611656
311622740
311622741
311629442
311629444
311629446
311629447
311629448
311629450
311629451
311629453
321078610
321078611
321078620
321078621
321082338
321082339
322577336
322577337
322577338
324372416
324372417
327136154
327337927
327337949
328250351
331010760
346368722
347697398
347697407
347697408
347697409
347697410
347697411
347697412
347962249
348711011
351508085
352840642
359424152
366338082
366338084
368218222
368276966
368276968
368276976
368396993
368396996
368396998
368397012
368794071
368794075
368794114
368799415
378054878
378054883
378054895
388083725
388083726
390485291
390485297
393288732
396843545
396843554
396843555
396843556
396886943
396886944
396886945
396886946
396886947
396886948
396887016
396887050
405130466
405130468
405130470
405130474
409890700
409890717
412989429
412989430
419497748
431125513
431125515
440003893
445865933
445865934
445875212
445875213
445875214
445875215
462018804
462018805
462129732
462237292
462237293
463032696
463032697
463034690
463034691
480210521
480210522
480212788
480212790
480214049
480214050
480214052
480214053
480218123
480218559
480218560
480219282
480219397
480220477
480220478
480220591
480223670
480223671
480223981
480225020
480343252
480343253
480347772
480349150
480349151
480349554
480349883
480355681
480397619
480397621
480397622
480397628
480397629
480399247
480401512
480402309
480402313
480411979
480411983
480415212
480415213
480415215
480415216
480419255
480419256
491676204
491676207
505646290
512410845
512410862
512669906
516544653
516544654
516544657
516572646
516572653
516572665
516576012
516576014
536166695
536166696
549445788
550360521
550360525
550728063
550729583
551179140
555530866
558678496
558678497
563508849
563508850
563508851
563508852
563508857
564125421
571465867
585998234
586000768
586272009
586734474
588786437
589066728
592392373
592392418
592855739
592855740
595525338
596347950
596347951
609436312
609462570
609462572
620884032
622160024
631817267
633478302
634344147
634344165
640220189
640220458
640220460
640220988
641932977
641937458
643496645
643496647
647242450
649202782
649205012
649207219
649207221
649207844
649207845
649208812
649208824
649208836
649208842
649210303
649210305
649210306
649210520
649211196
649212879
649212880
649213751
649213752
649213753
649213754
649213997
649594024
649595378
649595381
649597301
649597931
649604662
649605404
652158648
654361141
654361142
654643025
654643026
654643027
655124665
655145669
655145670
655145671
655145672
665663815
665685933
668988421
668988422
668988424
670265606
670265607
670265609
670265610
670269494
670269495
670269496
670291729
670354674
670354675
670354676
670354678
670354679
670354680
670354681
670354682
670354683
670354684
670354685
670354686
670354687
670354688
670354689
670354691
670354692
670354693
670977463
670977467
670977468
670977469
670977470
670977471
670977472
670977474
670977476
670977477
670977478
670977480
670977482
670977484
670977485
670977488
670977490
670977492
670977493
670977494
670977495
670977496
670977498
670977499
670977526
670977528
670977529
670977530
670977531
670977532
670977534
670977535
670977537
670977538
670977539
670977540
670977541
670977542
670977543
670977544
670977545
670977546
670977547
670977548
670977549
670977550
670977551
670977552
670977555
670977556
670977557
670977558
670977559
670977560
670977566
670977574
670977575
670977576
670977577
670977578
670977579
670977580
670977581
670977583
670977585
670977586
670977587
670977589
670977590
670977592
670977594
670977595
670977596
670977599
670977600
670977602
670977603
670977605
670977606
670977607
670977608
670977609
670977610
670977611
670977612
670977613
670977617
670977621
670977623
670977624
670977626
670977627
670977629
670977634
670977636
670977637
670977638
670977640
670977643
670977645
670977646
670977647
670977650
670977652
670977653
670977655
670977657
670977658
670977659
670977660
670977661
670977663
670977664
670991399
670991400
670991406
670991413
670991420
670991422
670991430
670991434
670991442
670991445
670991449
670991452
670991455
670991458
670991463
670991467
670991470
670991474
670991477
670991480
670991485
670991488
670991494
670991497
670991499
670991503
670991505
670991506
670991507
670991512
670991513
670991515
670991516
670991518
670991520
670991521
670991522
670991523
670991524
670991525
670991526
671005415
671005417
671005421
671005422
671005423
671005424
671005427
671005429
671005432
671005433
671005434
671005435
671005436
671005439
671005440
671005441
671005443
671005444
671005445
671005446
671005447
671005449
671005450
671005451
671005453
671005454
671005455
671005456
671005457
671005460
671005461
671005463
671005464
671005465
671005466
671005467
671005468
671005469
671005470
671005472
671005476
671005477
671005478
671005479
671005485
671005487
671005488
671005489
671005490
671005491
671005492
671005493
671005497
671005498
671005500
671005501
671005502
671005503
671005504
671005505
671005506
672029994
672029996
672030000
672030001
672030002
672030004
672030005
672030006
672030007
672030008
672030009
672030010
672030013
672030015
672030020
672030022
672030023
672030024
672030025
672030026
672030028
672030029
672030030
672030032
672030036
672030038
672030039
672030041
672030042
672030044
672030046
672030047
672030050
672127433
672127435
672127436
672127437
672127438
672127439
672127440
672127441
672127442
672127443
672127444
672127445
672127448
672127449
672127450
672127451
672127452
672127453
672127454
672127455
672127456
672127457
672127462
672127463
672127464
672127465
672127466
672127469
672127471
672127473
672127476
672127477
672127478
672127479
672127480
672127481
672127482
672127483
672127484
672127486
672127490
672127491
672127493
672127494
672127495
672127496
672127506
672127511
672127516
672127520
672127521
672127523
672127525
672127527
672181242
672181243
672181244
672181245
672181246
672181247
672181249
672181250
672181252
672181255
672181256
672181257
672181259
672181260
672181261
672181262
672181265
672181266
672181267
672181268
672181269
672181270
672181271
672181272
672181273
672181277
672181280
672181282
672181283
672181284
672181285
672181286
672181287
672181288
672181289
672181290
672181293
672181294
672181295
672181296
672181297
672181299
672181300
672181301
672181302
672181306
672181307
672181308
672181310
672181311
672181312
672181313
672181314
672181315
672181316
672181318
672181319
672181320
672181321
672181322
672181323
672181324
672181325
672181327
672181328
672181329
672181330
672181331
672181332
672181333
672181334
672181335
672181336
672181338
672181340
672181341
672181343
672181346
672181348
672181350
672181353
672181355
672181356
672181358
672181359
672181361
672181362
672181363
672181364
672181365
672181366
672181370
672181374
672181376
672181379
672181384
672181388
672181390
672181394
672181398
672181403
672181405
672181408
672181413
672181418
672181423
672181426
672181434
672181450
672181454
672181458
672181459
672181460
672181462
672181463
672181464
672181465
672181467
672181468
672181469
672181470
672181471
672181472
672181473
672181474
672181476
672181477
672181478
672181479
672181480
672181484
672181495
672181497
672181504
672181505
672181507
672181508
672195040
672195041
672195043
672195045
672195046
672195047
672195048
672195049
672195050
672195051
672195052
672195053
672195055
672195056
672195057
672195059
672195060
672195061
672195063
672195064
672195066
672195067
672195070
672195071
672195072
672195074
672195075
672195077
672195078
672195079
672195080
672195081
672195082
672424045
672424047
672424049
672424050
672424051
672424052
672424053
672424054
672424056
672424057
672424059
672424060
672424062
672424063
672424065
672424066
676922286
676922287
676922288
676922289
676922290
676923668
676923669
676923671
682588295
686286573
699831120
708920360
708920361
708920362
711370581
711370582
711553279
715693187
716689913
717059915
725388202
725802986
725802987
742105558
742156397
742156398
742156400
742156401
742156402
742156412
742156428
742156429
742169020
742169021
742176659
742176661
742190830
742190832
742190834
742401345
742408385
742440383
742486477
742509017
742822126
742856252
744270780
744593885
744635155
744635156
744925020
744925021
745219592
745219593
745531374
745531375
745560142
745580304
745690512
745719087
745719088
746533657
746533658
746578148
746604624
746654421
746684753
746684754
747507846
754240838
756949903
758578497
758632679
758632689
758632690
758955768
759182873
759182874
761155668
761451373
761451374
763049253
763082054
763082056
763287713
763287717
763299461
763299462
763375245
763375246
763527907
763527911
765340429
765340431
765340433
765684204
765935979
765953693
765987247
766159178
766248764
767450475
767466281
767660523
768038131
768655280
768975554
769249520
769249521
769249522
771517915
776620422
776620423
776620424
776620425
776620426
776620427
776862653
780093409
780093410
787692934
793221282
796884735
796884736
796889076
796889077
796937278
796937279
797766390
797797378
797800457
797836541
797836542
803243107
803243108
803479801
803479802
803479803
803479804
805421298
805421299
806152933
806152959
806152960
806152961
806152962
806152963
806152964
806924561
806924581
806960924
806960925
807321532
808521156
808521158
809980755
815688650
815688651
816068428
816364537
819023019
821763000
822004300
822004301
822004302
822005181
822005856
822005857
822005858
822006227
822006621
822006622
822006623
822006624
822061349
822061350
822061351
824872780
824872781
825073799
825073800
826204934
826204935
826204937
826204939
826204941
826204943
826204945
826204951
826204954
826372254
829181637
829181638
829889946
833283692
833283693
833622263
836454381
837614683
837614684
848783122
854048283
854092637
854092638
854098079
854340907
854500442
854503546
879443420
879443421
879894112
879894113
879898625
879898626
879905679
879907200
879908881
879909058
880298215
880298216
883912987
883915155
883915598
887612582
887618763
887620054
887719608
887719853
887720093
887720477
894723633
